2.2	-39830.240244369015	5.387421101407679	-14.10114545701777	2.9374267884405234	0.19596402081542783	22.80132935823572	-7.698977741073493	33.11448501449957	-6.287816225430583	31.488253945078622	12.948236119925086	-13.541272449659246	53.358228005779615	-4.749912961920312	-22.027663137998704
2.24	-35534.19473096917	4.886478242485466	-13.199425538254491	4.501073236865215	-0.276037625241783	22.313511660381305	-7.273084982746214	34.728428797707	-5.986988360658726	30.69471603582612	11.786510792974568	-13.01217074266456	48.50379662160712	-5.3966383323312686	-19.18415528879748
2.28	-31957.486877853997	4.389572372259935	-12.33947706638982	5.715503927548207	-0.6459728432501918	22.34262888871953	-6.763993123813351	35.52319970003912	-5.778531113574336	29.842218835925312	10.592805465939904	-12.540090458603236	44.43185400156444	-5.886198965547091	-15.88426198578348
2.32	-29010.583648603162	3.918420037162952	-11.406495305055412	6.61906421332393	-0.8706077652054822	22.667674655549508	-6.195568231403567	35.50658838157837	-5.672649188070442	29.06683199874003	9.327678164229447	-12.081031310935971	41.18856048487053	-6.285002387822421	-12.441676230522006
2.36	-26559.05188449171	3.4820997459041854	-10.36686441667745	7.236105779508005	-1.0244262537047306	23.05013168326996	-5.613877989140213	34.750135580719224	-5.645965357454442	28.467883883298942	8.030755251335258	-11.636206348464114	38.69535565601355	-6.543860806079153	-9.113398159827508
2.4	-24458.023385370696	3.024309814052505	-9.25764577067649	7.548676487134382	-1.2122974494356724	23.30845302338151	-5.097254559795027	33.38680354266734	-5.7050413740076795	28.046542215013254	6.735720666860791	-11.184512585500215	36.832354071640836	-6.540931748014918	-6.092310276187441
2.44	-22583.179134193313	2.57438061735078	-8.070459122320102	7.63234517728114	-1.3892362621713845	23.288708837409807	-4.684352385356066	31.619961769894893	-5.7692349405809455	27.799627275858004	5.544842315857485	-10.696483490116087	35.36894534416693	-6.377279326440537	-3.5110326436431776
2.48	-20847.59520194254	2.013306530194744	-6.899106229211057	7.413744776784631	-1.8889398106148945	22.9225781317757	-4.4731225258933796	29.671447207828393	-5.901371419319169	27.60557708610509	4.4950369676018225	-10.196555562940512	34.19899616307224	-5.791936030241606	-1.3601381739619822
2.52	-19210.254527460198	1.4188636489881639	-5.7446007662802385	7.0135633692114805	-2.535246777216732	22.257412491379068	-4.417564196585895	27.702120024823422	-5.980971010730563	27.37090270134789	3.686344467117545	-9.693876913047905	33.160052088039485	-5.008456877438495	0.35736340064361877
2.56	-17665.59049025327	0.777513368313799	-4.635098571408275	6.48397160920878	-3.568512385291338	21.301455021534437	-4.588640811315109	25.871326332430353	-6.015708524018352	26.97767324039467	3.141465736836676	-9.221498019723857	32.200635288216965	-3.847955285313686	1.7720570209811233
2.6	-16228.985515638657	0.06405964098199105	-3.5617581249838928	5.893804748467636	-4.862440336211334	20.11877802579827	-4.9513527609486525	24.284310934471925	-5.989020009734295	26.410825995409418	2.897236153810698	-8.801232090644387	31.190236122035788	-2.4650198858798245	2.9885301951033902
2.64	-14921.154435334689	-2.248866032726061	-2.072148318433703	5.508806586106238	-8.945147589432159	17.321357773454963	-6.743053172218863	22.559595436019443	-7.814882722261658	26.48729063177096	4.10074051010394	-8.096931882179282	28.711181209466826	1.871187464661725	5.760045193506498
2.68	-13751.230511751884	-2.481949654179274	-1.2368696349990007	4.757297134480511	-8.90908189736784	16.524716281797634	-6.799070186759618	21.569917218064873	-7.062307050644844	25.412440738201642	3.614285480176809	-7.797923832539814	27.917761329294386	1.7578623529181576	6.18833191462084
2.72	-12718.736218549202	-2.7255999228169756	-0.4311626663054012	4.024724778166367	-8.569764528298247	15.786808752984603	-6.80041458073164	20.90864391204618	-6.395177501384539	24.35555108488412	3.2210721118752352	-7.503677958721088	27.062503320299548	1.5355028545851412	6.639695326247541
2.76	-11809.23744651571	-2.8455865708032975	0.3160425989888869	3.2934949461273133	-8.03254721649916	15.148597965907175	-6.65362550543871	20.52581576842045	-5.742346204905664	23.324351884286543	2.7961522274685344	-7.228810819369956	26.234715196407954	1.1100019173084903	7.0543848037122325
2.8	-10999.953419115864	-2.906867104304218	0.9896030478645316	2.633625093522594	-7.373709576238642	14.649773961963593	-6.4737616254314	20.164585923958846	-5.222402641799763	22.350696349031562	2.3523246319773414	-6.88238830770664	25.400098201412543	0.5797604363517125	7.508402991509141
2.84	-10267.000852872914	-3.056188453400065	1.676576558781432	2.043222506177977	-6.798163743668054	14.1299477172981	-6.269771107245369	19.76028188729657	-4.964068224304802	21.53940399278335	1.8369535023091368	-6.4551952557878804	24.450122741479884	0.09634224280603738	8.075862591174443
2.88	-9590.867607838574	-3.0138301582372407	2.2926294445439304	1.6402509604535946	-6.144322267559344	13.757154134738212	-5.9167558568629435	19.287157099074136	-4.595213516784107	20.701372097828997	1.356173224888987	-6.106531166118554	23.633886678678877	-0.5149518972471363	8.5179174586623
2.92	-8959.412377467735	-2.9641297785435903	2.8460555582856273	1.3792247416096721	-5.80546111084717	13.39066886838568	-5.709853605725407	18.63118128594338	-4.235458792588253	19.870569461793487	0.944474455295851	-5.769331305921489	22.837010392476667	-0.8873190016119415	8.976691556648184
2.96	-8367.88319589417	-2.906356918472686	3.5363353504215804	1.183857810806109	-5.494283134446796	13.30881313472078	-5.374313220350732	17.981935170137106	-4.072183781405395	19.16674885814677	0.5174152141194185	-5.323683407096356	21.857860014289205	-1.2717132496739814	9.2624717354187
2.2	-39830.23914634581	7.5629058312801805	-26.143578333124044	-2.839571320630073	5.871690961258558	-2.0078797122805763	-4.9690929577874385	39.328353307635055	-3.4034790857534016	22.537202052774248	12.982904347085798	-12.198236680038809	57.99024920518706	-7.5385161487036765	-5.891294232800415
2.24	-35534.194802783	6.961663875264111	-24.963013574643913	-0.9132248876344502	5.192065816778259	-0.32692525471296097	-4.340235211965303	39.574475438171234	-3.3622515799509043	22.229271642326754	12.591597203971416	-11.936764293600978	53.38462895753811	-7.916403301091557	-2.6632945702233415
2.28	-31957.48703463608	6.416209649210625	-23.79750800082119	0.7026244766106676	4.680742172632712	1.4713610599166682	-3.6632106100225195	38.90341983891378	-3.3908049051521294	21.834728531991804	12.016228590685616	-11.653170365856091	49.71046175847693	-8.163841365277403	0.6235343110890194
2.32	-29010.583591462757	5.946614908986452	-22.609633738977863	2.057465331696084	4.288843060337269	3.152242530294301	-2.9781824548360825	37.44411900089414	-3.4916870520129515	21.527656760829945	11.252431341901323	-11.33289562018571	46.908747730087846	-8.292312003265051	3.723749586875786
2.36	-26559.05209556694	5.536661194052445	-21.417751864538292	3.1599634108958288	3.966967755505923	4.536717524178858	-2.340328069971135	35.3593008923988	-3.6493687707418543	21.423461766778413	10.354408197834521	-10.990255804073389	44.80322475342436	-8.2817137433455	6.435009911608873
2.4	-24458.02332603742	5.15846099493481	-20.258817462463956	3.9869868170616782	3.6174985912627102	5.524881678070645	-1.8546786879223134	32.83477316753863	-3.887235457563744	21.494537089034335	9.29783913950459	-10.649392929774136	43.23173606448927	-8.07002946036927	8.61685599773272
2.44	-22583.18034251324	4.762529664197753	-19.104311819717587	4.541286492134688	3.2157499206842624	6.07584936496373	-1.5745415342621933	30.12837861363279	-4.158335248486118	21.73701718911876	8.254036877004873	-10.307413341810644	41.910797321406136	-7.718009397566613	10.25154416667227
2.48	-20847.59518741482	4.325329500016942	-17.938446510365385	4.813478860802759	2.604246262279205	6.2862945988996	-1.6010405979312845	27.45633239639817	-4.494363405968396	22.08635884530431	7.212112770237389	-10.038614329187157	40.688856781068495	-7.139645820689035	11.33187639562077
2.52	-19210.253966383567	3.8207734410559735	-16.819882302494786	4.777882562230697	1.7694424908998347	6.073646695129227	-1.9154374012367665	24.925968969637786	-4.8302977754297824	22.349329319176515	6.3185289561142834	-9.870879072222479	39.476118198309386	-6.365320011813157	12.088602204254952
2.56	-17665.34883845041	3.194017435671499	-16.21691116578855	3.741997666041421	0.04414153375751862	6.014829487294148	-2.6980876247455625	21.922264862713927	-5.619698788493121	25.39192952829579	9.452649442950708	-10.030718555859995	34.998189213063355	-4.9300745546952225	14.415598241941225
2.6	-16230.138621329554	2.855973404582252	-16.058019389157575	3.130066638964047	0.5478477448343995	4.732607507309295	-2.024564912039173	19.383676558255708	-4.76184205071714	25.29464688053809	8.792393753290302	-9.684976437651768	33.55397704450902	-5.279679755175609	15.218406749201074
2.64	-14921.178105310799	2.1947185199093546	-14.878657690107234	2.747051838568309	0.3483721870622794	4.35757445578014	-2.0490804722570743	17.89260939051323	-4.4457916453734425	24.961349595114385	7.856120370023352	-9.482443931712552	32.43363564296546	-5.1370753557644475	15.166081375058877
2.68	-13751.196730833119	1.6351952261701828	-13.696984619549761	2.341483541698969	0.553448029944448	4.0619276565140785	-1.8971150459815687	16.76692458535922	-3.689126100175854	24.687225322362398	6.973799808061341	-9.213196769354964	31.157686331686616	-5.322214752117579	15.217953773015712
2.72	-12718.723346753843	0.9969921636727228	-12.508192164521555	1.826043816894349	0.23221300578106058	3.6678413870754363	-2.1443993372594363	15.919964831553125	-3.577430413612931	23.900263219060754	6.1233882536988204	-9.054523124709455	30.217301035341787	-5.054845280103072	15.358448182365455
2.76	-11809.224911293244	0.46439827283686996	-11.297241794315466	1.3919287209514628	0.25347116361957667	3.3211400001328286	-2.209453812706474	15.31810786732798	-3.4417717009167452	23.053642513667945	5.296657123643887	-8.694029924363015	29.336311667938784	-5.057946467893688	15.536774554874189
2.8	-10999.948578364085	0.13857303944347713	-10.17450278521053	1.0160089335083227	0.4363109592442372	3.1206609835018275	-2.0911728947203803	14.744456762422498	-3.1661703657626323	22.404218343790703	4.399245778585897	-8.237056914583004	28.331020901399185	-5.260280424571609	15.827191313737965
2.84	-10266.839710724289	-0.05762261009498253	-9.217492941820778	0.7140917628801393	0.5336816999113202	2.9911999236393365	-1.9873187220807098	14.002578395996144	-2.887273816287804	22.176802726009335	3.0287093173961304	-7.781565573829941	26.979122255054346	-5.482002251805471	16.308524981330464
2.88	-9590.999923097559	-0.3087508537140621	-8.18639742365984	0.6387404967328264	0.3616701323688675	2.7736750738415714	-1.9544065556514867	13.261615568585126	-3.077018937103234	21.461210205878547	2.240414950159194	-7.396897419265919	26.153211149450424	-5.393232724840097	16.530892011577297
2.92	-8959.666322262865	-0.3883597903271058	-7.213628355648337	0.600713660028991	0.19076771208564686	2.6226885670041855	-1.884880078275837	12.482766615166446	-3.1246252640991177	20.67136464874918	1.731185683205434	-7.02133989807729	25.490132612382514	-5.3715270367601375	16.58656799102473
2.96	-8368.088762493704	-0.46066077694549606	-6.313267519241741	0.5898707030300697	-0.03364043720088781	2.502144640544998	-1.823650831380212	11.69117964072613	-3.1335664687057916	19.838336667985715	1.449119934218791	-6.732512699506871	24.900671229506877	-5.266418695552464	16.56438235148801
